#YAML:1.0
---
calibration_time: "Wed Apr 14 15:39:45 2021"
nframes: 10
image_width: 1120
image_height: 848
board_width: 7
board_height: 9
square_size: 1.9999999552965164e-02
flags: 0
camera_matrix: 
   rows: 3
   cols: 3
   dt: d
   data: [ 9.5991075739964640e+02, 0., 5.6109637149118385e+02, 0.,
       9.6521414888061736e+02, 4.3674082389300048e+02, 0., 0., 1. ]
distortion_coefficients:
   rows: 5
   cols: 1
   dt: d
   data: [ 2.2094090415110082e-01, -5.9599700242156728e-01,
       -2.1767066278632085e-03, 5.5373956471480024e-03,
       2.9498002046841493e-01 ]
avg_reprojection_error: 3.0899591474047455e-01
per_view_reprojection_errors:
   rows: 10
   cols: 1
   dt: f
   data: [ 2.26784155e-01, 2.82800376e-01, 2.15286747e-01,
       3.00743788e-01, 3.86737227e-01, 2.73874819e-01, 3.97647411e-01,
       4.01736766e-01, 2.72870809e-01, 2.60835081e-01 ]
