%YAML:1.0
---
calibration_time: "Wed Apr 14 15:39:45 2021"
nframes: 10
image_width: 1120
image_height: 848
board_width: 7
board_height: 9
square_size: 1.9999999552965164e-02
flags: 0
camera_matrix: !!opencv-matrix
   rows: 3
   cols: 3
   dt: d
   data: [ 9.5991075739964640e+02, 0., 5.6109637149118385e+02, 0.,
       9.6521414888061736e+02, 4.3674082389300048e+02, 0., 0., 1. ]
distortion_coefficients: !!opencv-matrix
   rows: 5
   cols: 1
   dt: d
   data: [ 2.2094090415110082e-01, -5.9599700242156728e-01,
       -2.1767066278632085e-03, 5.5373956471480024e-03,
       2.9498002046841493e-01 ]
avg_reprojection_error: 3.0899591474047455e-01
per_view_reprojection_errors: !!opencv-matrix
   rows: 10
   cols: 1
   dt: f
   data: [ 2.26784155e-01, 2.82800376e-01, 2.15286747e-01,
       3.00743788e-01, 3.86737227e-01, 2.73874819e-01, 3.97647411e-01,
       4.01736766e-01, 2.72870809e-01, 2.60835081e-01 ]
extrinsic_parameters: !!opencv-matrix
   rows: 10
   cols: 6
   dt: d
   data: [ -2.1692146167699508e-01, 6.2649621752625270e-02,
       5.2046469966764590e-02, -2.2021429103704051e-02,
       -1.1751908385811817e-01, 4.0053479624453364e-01,
       -5.2023387096180609e-02, -3.2408138657322882e-01,
       -3.1100090994592793e+00, 1.1098187712781585e-01,
       6.0938553272802821e-02, 3.7263327436317045e-01,
       -2.1457081353061488e-01, 1.8919226546241924e-03,
       5.0170466821187379e-02, 3.5475356462680184e-03,
       -8.9701803005517902e-02, 4.1554118625879272e-01,
       -1.7246737232285497e-01, 5.1672971333414100e-02,
       6.3177239464247470e-02, 2.9843346548310525e-02,
       -9.9871741896546753e-02, 4.2107507648085718e-01,
       -1.2440889084412945e-01, 4.0691883528441136e-02,
       -8.9379136791790832e-03, 2.5385365236484480e-03,
       -9.7460834247188571e-02, 4.2720944929565702e-01,
       -1.7671157641709689e-01, 1.2464379497601527e-01,
       -6.7019773669291446e-02, 3.2267216237904829e-02,
       -9.2322819450511948e-02, 4.3163738390052125e-01,
       -1.5677641122451788e-01, 1.0978199485907587e-01,
       -7.4954441702870495e-02, 1.9999398581489143e-02,
       -9.9004572772761909e-02, 4.6085696597694042e-01,
       -1.2984716765738719e-01, 2.5018537307289473e-01,
       -3.3972093655060265e-02, 6.6741267740736271e-02,
       -1.1235773345944579e-01, 4.7112978190396659e-01,
       -1.8941344046538977e-01, 3.8996427832530778e-01,
       -9.5117244451285374e-03, 1.1884604032114028e-01,
       -6.5825696588283855e-02, 4.8884553037420725e-01,
       -2.3815448289520530e-01, 1.5857939548409963e-01,
       5.9466969651292487e-02, 4.0693228090943750e-02,
       -5.3074160369001644e-02, 4.7698873426040894e-01 ]
image_points: !!opencv-matrix
   rows: 10
   cols: 63
   dt: "2f"
   data: [ 5.08217834e+02, 1.49200989e+02, 5.56611206e+02,
       1.50268341e+02, 6.05335938e+02, 1.50632462e+02, 6.54728760e+02,
       1.51729858e+02, 7.04779419e+02, 1.52056793e+02, 7.55208679e+02,
       1.53321487e+02, 8.06291199e+02, 1.54186981e+02, 5.04746918e+02,
       1.95205948e+02, 5.53577148e+02, 1.96574905e+02, 6.02610352e+02,
       1.97614441e+02, 6.52339722e+02, 1.98631927e+02, 7.02721191e+02,
       1.99256897e+02, 7.53612488e+02, 2.00319443e+02, 8.05334778e+02,
       2.01247177e+02, 5.01316315e+02, 2.41721802e+02, 5.50452698e+02,
       2.43407639e+02, 5.99875854e+02, 2.44771576e+02, 6.49967773e+02,
       2.45819260e+02, 7.00734985e+02, 2.46619263e+02, 7.52135986e+02,
       2.47915771e+02, 8.04263733e+02, 2.49117096e+02, 4.97827576e+02,
       2.88854370e+02, 5.47391907e+02, 2.90690552e+02, 5.97253662e+02,
       2.92463745e+02, 6.47597107e+02, 2.94176453e+02, 6.98791687e+02,
       2.95226227e+02, 7.50702759e+02, 2.96365173e+02, 8.03286438e+02,
       2.98017181e+02, 4.94228851e+02, 3.36695068e+02, 5.44199036e+02,
       3.38662170e+02, 5.94497864e+02, 3.40863434e+02, 6.45446289e+02,
       3.42709351e+02, 6.96918091e+02, 3.44302032e+02, 7.49299622e+02,
       3.45784271e+02, 8.02581543e+02, 3.47364716e+02, 4.90587128e+02,
       3.85610199e+02, 5.40969055e+02, 3.87771027e+02, 5.91810242e+02,
       3.89822083e+02, 6.43224731e+02, 3.92219788e+02, 6.95245911e+02,
       3.94144806e+02, 7.48149353e+02, 3.95904816e+02, 8.01957581e+02,
       3.98081757e+02, 4.86686279e+02, 4.35314880e+02, 5.37698181e+02,
       4.37743927e+02, 5.89149841e+02, 4.40116272e+02, 6.41142273e+02,
       4.42488434e+02, 6.93627197e+02, 4.44744720e+02, 7.47230408e+02,
       4.47053162e+02, 8.01694397e+02, 4.49482391e+02, 4.82757202e+02,
       4.86340820e+02, 5.34479248e+02, 4.88864685e+02, 5.86397522e+02,
       4.91494995e+02, 6.38998901e+02, 4.94186646e+02, 6.92286743e+02,
       4.96738831e+02, 7.46381226e+02, 4.99559723e+02, 8.01620178e+02,
       5.02521851e+02, 4.78718964e+02, 5.38479431e+02, 5.30996826e+02,
       5.41364014e+02, 5.83661377e+02, 5.44092651e+02, 6.37004517e+02,
       5.47119446e+02, 6.90922913e+02, 5.50249207e+02, 7.45754150e+02,
       5.53540588e+02, 8.01946289e+02, 5.56955872e+02, 8.53780762e+02,
       5.98192932e+02, 7.99366943e+02, 5.96605286e+02, 7.45854492e+02,
       5.95016907e+02, 6.93125732e+02, 5.93661804e+02, 6.40840393e+02,
       5.92365356e+02, 5.89352905e+02, 5.91238159e+02, 5.38064636e+02,
       5.90294739e+02, 8.50801392e+02, 5.44704712e+02, 7.97203369e+02,
       5.43505554e+02, 7.44381470e+02, 5.42360901e+02, 6.92340149e+02,
       5.41248474e+02, 6.40854248e+02, 5.40218994e+02, 5.89973083e+02,
       5.39404602e+02, 5.39350037e+02, 5.38601746e+02, 8.48108765e+02,
       4.92690643e+02, 7.95205383e+02, 4.91857239e+02, 7.43028748e+02,
       4.91050415e+02, 6.91633606e+02, 4.90402527e+02, 6.40912842e+02,
       4.89492004e+02, 5.90643311e+02, 4.88825409e+02, 5.40571411e+02,
       4.88157837e+02, 8.45697266e+02, 4.42303711e+02, 7.93557922e+02,
       4.41561554e+02, 7.41962097e+02, 4.41242340e+02, 6.91203674e+02,
       4.40754181e+02, 6.40995667e+02, 4.40066925e+02, 5.91338623e+02,
       4.39591217e+02, 5.41801880e+02, 4.38926880e+02, 8.43680054e+02,
       3.92577484e+02, 7.91959290e+02, 3.92374603e+02, 7.40985046e+02,
       3.92253632e+02, 6.90683350e+02, 3.92194489e+02, 6.41179626e+02,
       3.91804077e+02, 5.91898376e+02, 3.91082916e+02, 5.42964783e+02,
       3.90716339e+02, 8.41704285e+02, 3.44229645e+02, 7.90869446e+02,
       3.44004333e+02, 7.40382690e+02, 3.44245697e+02, 6.90437622e+02,
       3.44420990e+02, 6.41284851e+02, 3.44246521e+02, 5.92471741e+02,
       3.43843414e+02, 5.44066467e+02, 3.43545044e+02, 8.40009155e+02,
       2.96496368e+02, 7.89613708e+02, 2.96642090e+02, 7.39867798e+02,
       2.96631012e+02, 6.90347229e+02, 2.97155579e+02, 6.41495728e+02,
       2.97415527e+02, 5.93167236e+02, 2.97373474e+02, 5.45105652e+02,
       2.97197601e+02, 8.38509033e+02, 2.49705338e+02, 7.88675842e+02,
       2.50021286e+02, 7.39329834e+02, 2.50290634e+02, 6.90213013e+02,
       2.50880310e+02, 6.41742371e+02, 2.51241287e+02, 5.93789856e+02,
       2.51495804e+02, 5.46108154e+02, 2.51420502e+02, 8.37057068e+02,
       2.03630844e+02, 7.87710632e+02, 2.04029388e+02, 7.38901611e+02,
       2.04066452e+02, 6.90237244e+02, 2.04906631e+02, 6.42088745e+02,
       2.05159332e+02, 5.94456177e+02, 2.05906616e+02, 5.47111694e+02,
       2.06196304e+02, 5.69192627e+02, 2.26283905e+02, 6.16001282e+02,
       2.28235626e+02, 6.63030090e+02, 2.29645660e+02, 7.10431885e+02,
       2.31783783e+02, 7.58279297e+02, 2.33200821e+02, 8.05879700e+02,
       2.35387680e+02, 8.54079590e+02, 2.37200027e+02, 5.66827332e+02,
       2.70894440e+02, 6.14041504e+02, 2.73133820e+02, 6.61368347e+02,
       2.75028534e+02, 7.09083679e+02, 2.76891052e+02, 7.57233765e+02,
       2.78534698e+02, 8.05516968e+02, 2.80452057e+02, 8.54198059e+02,
       2.82462128e+02, 5.64643066e+02, 3.16170776e+02, 6.12207458e+02,
       3.18420654e+02, 6.59753723e+02, 3.20519867e+02, 7.07911072e+02,
       3.22375763e+02, 7.56463684e+02, 3.24041199e+02, 8.05179749e+02,
       3.26270813e+02, 8.54347534e+02, 3.28286804e+02, 5.62309631e+02,
